
2 0 0 d 0 0 x
2 0 0 d 1 0 x
2 1 0 d 2 0 x
2 2 0 d 3 0 x
2 3 0 d 4 0 x
2 4 0 d 5 0 x
2 5 0 d 6 0 x
2 6 0 d 7 0 x
2 7 0 d 8 0 x
2 8 0 d 9 0 x
2 9 0 d 10 0 x
2 10 0 d 11 0 x
2 11 0 d 12 0 x
2 12 0 d 13 0 x
2 13 0 d 14 0 x
2 14 0 d 15 0 x
2 15 0 d 16 0 x
2 16 0 d 17 0 x
2 17 0 d 18 0 x
2 18 0 d 19 0 x
2 19 0 d 20 0 x
2 20 0 d 21 0 x
2 21 0 d 22 0 x
2 22 0 d 23 0 x
2 23 0 d 24 0 x
2 24 0 d 25 0 x
2 25 0 d 26 0 x
2 26 0 d 27 0 x
2 27 0 d 28 0 x
2 28 0 d 29 0 x
2 29 0 d 0 1 x
2 0 1 d 1 1 x
2 1 1 d 2 1 x
2 2 1 d 3 1 x
2 3 1 d 4 1 x
2 4 1 d 5 1 x
2 5 1 d 6 1 x
2 6 1 d 7 1 x
2 7 1 d 8 1 x
2 8 1 d 9 1 x
2 9 1 d 10 1 x
2 10 1 d 11 1 x
2 11 1 d 12 1 x
2 12 1 d 13 1 x
2 13 1 d 14 1 x
2 14 1 d 15 1 x
2 15 1 d 16 1 x
2 16 1 d 17 1 x
2 17 1 d 18 1 x
2 18 1 d 19 1 x
2 19 1 d 20 1 x
2 20 1 d 21 1 x
2 21 1 d 22 1 x
2 22 1 d 23 1 x
2 23 1 d 24 1 x
2 24 1 d 25 1 x
2 25 1 d 26 1 x
2 26 1 d 27 1 x
2 27 1 d 28 1 x
2 28 1 d 29 1 x
2 29 1 d 0 2 x
2 0 2 d 1 2 x
2 1 2 d 2 2 x
2 2 2 d 3 2 x
2 3 2 d 4 2 x
2 4 2 d 5 2 x
2 5 2 d 6 2 x
2 6 2 d 7 2 x
2 7 2 d 8 2 x
2 8 2 d 9 2 x
2 9 2 d 10 2 x
2 10 2 d 11 2 x
2 11 2 d 12 2 x
2 12 2 d 13 2 x
2 13 2 d 14 2 x
2 14 2 d 15 2 x
2 15 2 d 16 2 x
2 16 2 d 17 2 x
2 17 2 d 18 2 x
2 18 2 d 19 2 x
2 19 2 d 20 2 x
2 20 2 d 21 2 x
2 21 2 d 22 2 x
2 22 2 d 23 2 x
2 23 2 d 24 2 x
2 24 2 d 25 2 x
2 25 2 d 26 2 x
2 26 2 d 27 2 x
2 27 2 d 28 2 x
2 28 2 d 29 2 x
2 29 2 d 0 3 x
2 0 3 d 1 3 x
2 1 3 d 2 3 x
2 2 3 d 3 3 x
2 3 3 d 4 3 x
2 4 3 d 5 3 x
2 5 3 d 6 3 x
2 6 3 d 7 3 x
2 7 3 d 8 3 x
2 8 3 d 9 3 x
2 9 3 d 10 3 x
2 10 3 d 11 3 x
2 11 3 d 12 3 x
2 12 3 d 13 3 x
2 13 3 d 14 3 x
2 14 3 d 15 3 x
2 15 3 d 16 3 x
2 16 3 d 17 3 x
2 17 3 d 18 3 x
2 18 3 d 19 3 x
2 19 3 d 20 3 x
2 20 3 d 21 3 x
2 21 3 d 22 3 x
2 22 3 d 23 3 x
2 23 3 d 24 3 x
2 24 3 d 25 3 x
2 25 3 d 26 3 x
2 26 3 d 27 3 x
2 27 3 d 28 3 x
2 28 3 d 29 3 x
2 29 3 d 0 4 x
2 0 4 d 1 4 x
2 1 4 d 2 4 x
2 2 4 d 3 4 x
2 3 4 d 4 4 x
2 4 4 d 5 4 x
2 5 4 d 6 4 x
2 6 4 d 7 4 x
2 7 4 d 8 4 x
2 8 4 d 9 4 x
2 9 4 d 10 4 x
2 10 4 d 11 4 x
2 11 4 d 12 4 x
2 12 4 d 13 4 x
2 13 4 d 14 4 x
2 14 4 d 15 4 x
2 15 4 d 16 4 x
2 16 4 d 17 4 x
2 17 4 d 18 4 x
2 18 4 d 19 4 x
2 19 4 d 20 4 x
2 20 4 d 21 4 x
2 21 4 d 22 4 x
2 22 4 d 23 4 x
2 23 4 d 24 4 x
2 24 4 d 25 4 x
2 25 4 d 26 4 x
2 26 4 d 27 4 x
2 27 4 d 28 4 x
2 28 4 d 29 4 x
2 29 4 d 0 5 x
2 0 5 d 1 5 x
2 1 5 d 2 5 x
2 2 5 d 3 5 x
2 3 5 d 4 5 x
2 4 5 d 5 5 x
2 5 5 d 6 5 x
2 6 5 d 7 5 x
2 7 5 d 8 5 x
2 8 5 d 9 5 x
2 9 5 d 10 5 x
2 10 5 d 11 5 x
2 11 5 d 12 5 x
2 12 5 d 13 5 x
2 13 5 d 14 5 x
2 14 5 d 15 5 x
2 15 5 d 16 5 x
2 16 5 d 17 5 x
2 17 5 d 18 5 x
2 18 5 d 19 5 x
2 19 5 d 20 5 x
2 20 5 d 21 5 x
2 21 5 d 22 5 x
2 22 5 d 23 5 x
2 23 5 d 24 5 x
2 24 5 d 25 5 x
2 25 5 d 26 5 x
2 26 5 d 27 5 x
2 27 5 d 28 5 x
2 28 5 d 29 5 x
2 29 5 d 0 6 x
2 0 6 d 1 6 x
2 1 6 d 2 6 x
2 2 6 d 3 6 x
2 3 6 d 4 6 x
2 4 6 d 5 6 x
2 5 6 d 6 6 x
2 6 6 d 7 6 x
2 7 6 d 8 6 x
2 8 6 d 9 6 x
2 9 6 d 10 6 x
2 10 6 d 11 6 x
2 11 6 d 12 6 x
2 12 6 d 13 6 x
2 13 6 d 14 6 x
2 14 6 d 15 6 x
2 15 6 d 16 6 x
2 16 6 d 17 6 x
2 17 6 d 18 6 x
2 18 6 d 19 6 x
2 19 6 d 20 6 x
2 20 6 d 21 6 x
2 21 6 d 22 6 x
2 22 6 d 23 6 x
2 23 6 d 24 6 x
2 24 6 d 25 6 x
2 25 6 d 26 6 x
2 26 6 d 27 6 x
2 27 6 d 28 6 x
2 28 6 d 29 6 x
2 29 6 d 0 7 x
2 0 7 d 1 7 x
2 1 7 d 2 7 x
2 2 7 d 3 7 x
2 3 7 d 4 7 x
2 4 7 d 5 7 x
2 5 7 d 6 7 x
2 6 7 d 7 7 x
2 7 7 d 8 7 x
2 8 7 d 9 7 x
2 9 7 d 10 7 x
2 10 7 d 11 7 x
2 11 7 d 12 7 x
2 12 7 d 13 7 x
2 13 7 d 14 7 x
2 14 7 d 15 7 x
2 15 7 d 16 7 x
2 16 7 d 17 7 x
2 17 7 d 18 7 x
2 18 7 d 19 7 x
2 19 7 d 20 7 x
2 20 7 d 21 7 x
2 21 7 d 22 7 x
2 22 7 d 23 7 x
2 23 7 d 24 7 x
2 24 7 d 25 7 x
2 25 7 d 26 7 x
2 26 7 d 27 7 x
2 27 7 d 28 7 x
2 28 7 d 29 7 x
2 29 7 d 0 8 x
2 0 8 d 1 8 x
2 1 8 d 2 8 x
2 2 8 d 3 8 x
2 3 8 d 4 8 x
2 4 8 d 5 8 x
2 5 8 d 6 8 x
2 6 8 d 7 8 x
2 7 8 d 8 8 x
2 8 8 d 9 8 x
2 9 8 d 10 8 x
2 10 8 d 11 8 x
2 11 8 d 12 8 x
2 12 8 d 13 8 x
2 13 8 d 14 8 x
2 14 8 d 15 8 x
2 15 8 d 16 8 x
2 16 8 d 17 8 x
2 17 8 d 18 8 x
2 18 8 d 19 8 x
2 19 8 d 20 8 x
2 20 8 d 21 8 x
2 21 8 d 22 8 x
2 22 8 d 23 8 x
2 23 8 d 24 8 x
2 24 8 d 25 8 x
2 25 8 d 26 8 x
2 26 8 d 27 8 x
2 27 8 d 28 8 x
2 28 8 d 29 8 x
2 29 8 d 0 9 x
2 0 9 d 1 9 x
2 1 9 d 2 9 x
2 2 9 d 3 9 x
2 3 9 d 4 9 x
2 4 9 d 5 9 x
2 5 9 d 6 9 x
2 6 9 d 7 9 x
2 7 9 d 8 9 x
2 8 9 d 9 9 x
2 9 9 d 10 9 x
2 10 9 d 11 9 x
2 11 9 d 12 9 x
2 12 9 d 13 9 x
2 13 9 d 14 9 x
2 14 9 d 15 9 x
2 15 9 d 16 9 x
2 16 9 d 17 9 x
2 17 9 d 18 9 x
2 18 9 d 19 9 x
2 19 9 d 20 9 x
2 20 9 d 21 9 x
2 21 9 d 22 9 x
2 22 9 d 23 9 x
2 23 9 d 24 9 x
2 24 9 d 25 9 x
2 25 9 d 26 9 x
2 26 9 d 27 9 x
2 27 9 d 28 9 x
2 28 9 d 29 9 x
2 29 9 d 0 10 x
2 0 10 d 1 10 x
2 1 10 d 2 10 x
2 2 10 d 3 10 x
2 3 10 d 4 10 x
2 4 10 d 5 10 x
2 5 10 d 6 10 x
2 6 10 d 7 10 x
2 7 10 d 8 10 x
2 8 10 d 9 10 x
2 9 10 d 10 10 x
2 10 10 d 11 10 x
2 11 10 d 12 10 x
2 12 10 d 13 10 x
2 13 10 d 14 10 x
2 14 10 d 15 10 x
2 15 10 d 16 10 x
2 16 10 d 17 10 x
2 17 10 d 18 10 x
2 18 10 d 19 10 x
2 19 10 d 20 10 x
2 20 10 d 21 10 x
2 21 10 d 22 10 x
2 22 10 d 23 10 x
2 23 10 d 24 10 x
2 24 10 d 25 10 x
2 25 10 d 26 10 x
2 26 10 d 27 10 x
2 27 10 d 28 10 x
2 28 10 d 29 10 x
2 29 10 d 0 11 x
2 0 11 d 1 11 x
2 1 11 d 2 11 x
2 2 11 d 3 11 x
2 3 11 d 4 11 x
2 4 11 d 5 11 x
2 5 11 d 6 11 x
2 6 11 d 7 11 x
2 7 11 d 8 11 x
2 8 11 d 9 11 x
2 9 11 d 10 11 x
2 10 11 d 11 11 x
2 11 11 d 12 11 x
2 12 11 d 13 11 x
2 13 11 d 14 11 x
2 14 11 d 15 11 x
2 15 11 d 16 11 x
2 16 11 d 17 11 x
2 17 11 d 18 11 x
2 18 11 d 19 11 x
2 19 11 d 20 11 x
2 20 11 d 21 11 x
2 21 11 d 22 11 x
2 22 11 d 23 11 x
2 23 11 d 24 11 x
2 24 11 d 25 11 x
2 25 11 d 26 11 x
2 26 11 d 27 11 x
2 27 11 d 28 11 x
2 28 11 d 29 11 x
2 29 11 d 0 12 x
2 0 12 d 1 12 x
2 1 12 d 2 12 x
2 2 12 d 3 12 x
2 3 12 d 4 12 x
2 4 12 d 5 12 x
2 5 12 d 6 12 x
2 6 12 d 7 12 x
2 7 12 d 8 12 x
2 8 12 d 9 12 x
2 9 12 d 10 12 x
2 10 12 d 11 12 x
2 11 12 d 12 12 x
2 12 12 d 13 12 x
2 13 12 d 14 12 x
2 14 12 d 15 12 x
2 15 12 d 16 12 x
2 16 12 d 17 12 x
2 17 12 d 18 12 x
2 18 12 d 19 12 x
2 19 12 d 20 12 x
2 20 12 d 21 12 x
2 21 12 d 22 12 x
2 22 12 d 23 12 x
2 23 12 d 24 12 x
2 24 12 d 25 12 x
2 25 12 d 26 12 x
2 26 12 d 27 12 x
2 27 12 d 28 12 x
2 28 12 d 29 12 x
2 29 12 d 0 13 x
2 0 13 d 1 13 x
2 1 13 d 2 13 x
2 2 13 d 3 13 x
2 3 13 d 4 13 x
2 4 13 d 5 13 x
2 5 13 d 6 13 x
2 6 13 d 7 13 x
2 7 13 d 8 13 x
2 8 13 d 9 13 x
2 9 13 d 10 13 x
2 10 13 d 11 13 x
2 11 13 d 12 13 x
2 12 13 d 13 13 x
2 13 13 d 14 13 x
2 14 13 d 15 13 x
2 15 13 d 16 13 x
2 16 13 d 17 13 x
2 17 13 d 18 13 x
2 18 13 d 19 13 x
2 19 13 d 20 13 x
2 20 13 d 21 13 x
2 21 13 d 22 13 x
2 22 13 d 23 13 x
2 23 13 d 24 13 x
2 24 13 d 25 13 x
2 25 13 d 26 13 x
2 26 13 d 27 13 x
2 27 13 d 28 13 x
2 28 13 d 29 13 x
2 29 13 d 0 14 x
2 0 14 d 1 14 x
2 1 14 d 2 14 x
2 2 14 d 3 14 x
2 3 14 d 4 14 x
2 4 14 d 5 14 x
2 5 14 d 6 14 x
2 6 14 d 7 14 x
2 7 14 d 8 14 x
2 8 14 d 9 14 x
2 9 14 d 10 14 x
2 10 14 d 11 14 x
2 11 14 d 12 14 x
2 12 14 d 13 14 x
2 13 14 d 14 14 x
2 14 14 d 15 14 x
2 15 14 d 16 14 x
2 16 14 d 17 14 x
2 17 14 d 18 14 x
2 18 14 d 19 14 x
2 19 14 d 20 14 x
2 20 14 d 21 14 x
2 21 14 d 22 14 x
2 22 14 d 23 14 x
2 23 14 d 24 14 x
2 24 14 d 25 14 x
2 25 14 d 26 14 x
2 26 14 d 27 14 x
2 27 14 d 28 14 x
2 28 14 d 29 14 x
2 29 14 d 0 15 x
2 0 15 d 1 15 x
2 1 15 d 2 15 x
2 2 15 d 3 15 x
2 3 15 d 4 15 x
2 4 15 d 5 15 x
2 5 15 d 6 15 x
2 6 15 d 7 15 x
2 7 15 d 8 15 x
2 8 15 d 9 15 x
2 9 15 d 10 15 x
2 10 15 d 11 15 x
2 11 15 d 12 15 x
2 12 15 d 13 15 x
2 13 15 d 14 15 x
2 14 15 d 15 15 x
2 15 15 d 16 15 x
2 16 15 d 17 15 x
2 17 15 d 18 15 x
2 18 15 d 19 15 x
2 19 15 d 20 15 x
2 20 15 d 21 15 x
2 21 15 d 22 15 x
2 22 15 d 23 15 x
2 23 15 d 24 15 x
2 24 15 d 25 15 x
2 25 15 d 26 15 x
2 26 15 d 27 15 x
2 27 15 d 28 15 x
2 28 15 d 29 15 x
2 29 15 d 0 16 x
2 0 16 d 1 16 x
2 1 16 d 2 16 x
2 2 16 d 3 16 x
2 3 16 d 4 16 x
2 4 16 d 5 16 x
2 5 16 d 6 16 x
2 6 16 d 7 16 x
2 7 16 d 8 16 x
2 8 16 d 9 16 x
2 9 16 d 10 16 x
2 10 16 d 11 16 x
2 11 16 d 12 16 x
2 12 16 d 13 16 x
2 13 16 d 14 16 x
2 14 16 d 15 16 x
2 15 16 d 16 16 x
2 16 16 d 17 16 x
2 17 16 d 18 16 x
2 18 16 d 19 16 x
2 19 16 d 20 16 x
2 20 16 d 21 16 x
2 21 16 d 22 16 x
2 22 16 d 23 16 x
2 23 16 d 24 16 x
2 24 16 d 25 16 x
2 25 16 d 26 16 x
2 26 16 d 27 16 x
2 27 16 d 28 16 x
2 28 16 d 29 16 x
2 29 16 d 0 17 x
2 0 17 d 1 17 x
2 1 17 d 2 17 x
2 2 17 d 3 17 x
2 3 17 d 4 17 x
2 4 17 d 5 17 x
2 5 17 d 6 17 x
2 6 17 d 7 17 x
2 7 17 d 8 17 x
2 8 17 d 9 17 x
2 9 17 d 10 17 x
2 10 17 d 11 17 x
2 11 17 d 12 17 x
2 12 17 d 13 17 x
2 13 17 d 14 17 x
2 14 17 d 15 17 x
2 15 17 d 16 17 x
2 16 17 d 17 17 x
2 17 17 d 18 17 x
2 18 17 d 19 17 x
2 19 17 d 20 17 x
2 20 17 d 21 17 x
2 21 17 d 22 17 x
2 22 17 d 23 17 x
2 23 17 d 24 17 x
2 24 17 d 25 17 x
2 25 17 d 26 17 x
2 26 17 d 27 17 x
2 27 17 d 28 17 x
2 28 17 d 29 17 x
2 29 17 d 0 18 x
2 0 18 d 1 18 x
2 1 18 d 2 18 x
2 2 18 d 3 18 x
2 3 18 d 4 18 x
2 4 18 d 5 18 x
2 5 18 d 6 18 x
2 6 18 d 7 18 x
2 7 18 d 8 18 x
2 8 18 d 9 18 x
2 9 18 d 10 18 x
2 10 18 d 11 18 x
2 11 18 d 12 18 x
2 12 18 d 13 18 x
2 13 18 d 14 18 x
2 14 18 d 15 18 x
2 15 18 d 16 18 x
2 16 18 d 17 18 x
2 17 18 d 18 18 x
2 18 18 d 19 18 x
2 19 18 d 20 18 x
2 20 18 d 21 18 x
2 21 18 d 22 18 x
2 22 18 d 23 18 x
2 23 18 d 24 18 x
2 24 18 d 25 18 x
2 25 18 d 26 18 x
2 26 18 d 27 18 x
2 27 18 d 28 18 x
2 28 18 d 29 18 x
2 29 18 d 0 19 x
2 0 19 d 1 19 x
2 1 19 d 2 19 x
2 2 19 d 3 19 x
2 3 19 d 4 19 x
2 4 19 d 5 19 x
2 5 19 d 6 19 x
2 6 19 d 7 19 x
2 7 19 d 8 19 x
2 8 19 d 9 19 x
2 9 19 d 10 19 x
2 10 19 d 11 19 x
2 11 19 d 12 19 x
2 12 19 d 13 19 x
2 13 19 d 14 19 x
2 14 19 d 15 19 x
2 15 19 d 16 19 x
2 16 19 d 17 19 x
2 17 19 d 18 19 x
2 18 19 d 19 19 x
2 19 19 d 20 19 x
2 20 19 d 21 19 x
2 21 19 d 22 19 x
2 22 19 d 23 19 x
2 23 19 d 24 19 x
2 24 19 d 25 19 x
2 25 19 d 26 19 x
2 26 19 d 27 19 x
2 27 19 d 28 19 x
2 28 19 d 29 19 x
2 29 19 d 0 20 x
2 0 20 d 1 20 x
2 1 20 d 2 20 x
2 2 20 d 3 20 x
2 3 20 d 4 20 x
2 4 20 d 5 20 x
2 5 20 d 6 20 x
2 6 20 d 7 20 x
2 7 20 d 8 20 x
2 8 20 d 9 20 x
2 9 20 d 10 20 x
2 10 20 d 11 20 x
2 11 20 d 12 20 x
2 12 20 d 13 20 x
2 13 20 d 14 20 x
2 14 20 d 15 20 x
2 15 20 d 16 20 x
2 16 20 d 17 20 x
2 17 20 d 18 20 x
2 18 20 d 19 20 x
2 19 20 d 20 20 x
2 20 20 d 21 20 x
2 21 20 d 22 20 x
2 22 20 d 23 20 x
2 23 20 d 24 20 x
2 24 20 d 25 20 x
2 25 20 d 26 20 x
2 26 20 d 27 20 x
2 27 20 d 28 20 x
2 28 20 d 29 20 x
2 29 20 d 0 21 x
2 0 21 d 1 21 x
2 1 21 d 2 21 x
2 2 21 d 3 21 x
2 3 21 d 4 21 x
2 4 21 d 5 21 x
2 5 21 d 6 21 x
2 6 21 d 7 21 x
2 7 21 d 8 21 x
2 8 21 d 9 21 x
2 9 21 d 10 21 x
2 10 21 d 11 21 x
2 11 21 d 12 21 x
2 12 21 d 13 21 x
2 13 21 d 14 21 x
2 14 21 d 15 21 x
2 15 21 d 16 21 x
2 16 21 d 17 21 x
2 17 21 d 18 21 x
2 18 21 d 19 21 x
2 19 21 d 20 21 x
2 20 21 d 21 21 x
2 21 21 d 22 21 x
2 22 21 d 23 21 x
2 23 21 d 24 21 x
2 24 21 d 25 21 x
2 25 21 d 26 21 x
2 26 21 d 27 21 x
2 27 21 d 28 21 x
2 28 21 d 29 21 x
2 29 21 d 0 22 x
2 0 22 d 1 22 x
2 1 22 d 2 22 x
2 2 22 d 3 22 x
2 3 22 d 4 22 x
2 4 22 d 5 22 x
2 5 22 d 6 22 x
2 6 22 d 7 22 x
2 7 22 d 8 22 x
2 8 22 d 9 22 x
2 9 22 d 10 22 x
2 10 22 d 11 22 x
2 11 22 d 12 22 x
2 12 22 d 13 22 x
2 13 22 d 14 22 x
2 14 22 d 15 22 x
2 15 22 d 16 22 x
2 16 22 d 17 22 x
2 17 22 d 18 22 x
2 18 22 d 19 22 x
2 19 22 d 20 22 x
2 20 22 d 21 22 x
2 21 22 d 22 22 x
2 22 22 d 23 22 x
2 23 22 d 24 22 x
2 24 22 d 25 22 x
2 25 22 d 26 22 x
2 26 22 d 27 22 x
2 27 22 d 28 22 x
2 28 22 d 29 22 x
2 29 22 d 0 23 x
2 0 23 d 1 23 x
2 1 23 d 2 23 x
2 2 23 d 3 23 x
2 3 23 d 4 23 x
2 4 23 d 5 23 x
2 5 23 d 6 23 x
2 6 23 d 7 23 x
2 7 23 d 8 23 x
2 8 23 d 9 23 x
2 9 23 d 10 23 x
2 10 23 d 11 23 x
2 11 23 d 12 23 x
2 12 23 d 13 23 x
2 13 23 d 14 23 x
2 14 23 d 15 23 x
2 15 23 d 16 23 x
2 16 23 d 17 23 x
2 17 23 d 18 23 x
2 18 23 d 19 23 x
2 19 23 d 20 23 x
2 20 23 d 21 23 x
2 21 23 d 22 23 x
2 22 23 d 23 23 x
2 23 23 d 24 23 x
2 24 23 d 25 23 x
2 25 23 d 26 23 x
2 26 23 d 27 23 x
2 27 23 d 28 23 x
2 28 23 d 29 23 x
2 29 23 d 0 24 x
2 0 24 d 1 24 x
2 1 24 d 2 24 x
2 2 24 d 3 24 x
2 3 24 d 4 24 x
2 4 24 d 5 24 x
2 5 24 d 6 24 x
2 6 24 d 7 24 x
2 7 24 d 8 24 x
2 8 24 d 9 24 x
2 9 24 d 10 24 x
2 10 24 d 11 24 x
2 11 24 d 12 24 x
2 12 24 d 13 24 x
2 13 24 d 14 24 x
2 14 24 d 15 24 x
2 15 24 d 16 24 x
2 16 24 d 17 24 x
2 17 24 d 18 24 x
2 18 24 d 19 24 x
2 19 24 d 20 24 x
2 20 24 d 21 24 x
2 21 24 d 22 24 x
2 22 24 d 23 24 x
2 23 24 d 24 24 x
2 24 24 d 25 24 x
2 25 24 d 26 24 x
2 26 24 d 27 24 x
2 27 24 d 28 24 x
2 28 24 d 29 24 x
2 29 24 d 0 25 x
2 0 25 d 1 25 x
2 1 25 d 2 25 x
2 2 25 d 3 25 x
2 3 25 d 4 25 x
2 4 25 d 5 25 x
2 5 25 d 6 25 x
2 6 25 d 7 25 x
2 7 25 d 8 25 x
2 8 25 d 9 25 x
2 9 25 d 10 25 x
2 10 25 d 11 25 x
2 11 25 d 12 25 x
2 12 25 d 13 25 x
2 13 25 d 14 25 x
2 14 25 d 15 25 x
2 15 25 d 16 25 x
2 16 25 d 17 25 x
2 17 25 d 18 25 x
2 18 25 d 19 25 x
2 19 25 d 20 25 x
2 20 25 d 21 25 x
2 21 25 d 22 25 x
2 22 25 d 23 25 x
2 23 25 d 24 25 x
2 24 25 d 25 25 x
2 25 25 d 26 25 x
2 26 25 d 27 25 x
2 27 25 d 28 25 x
2 28 25 d 29 25 x
2 29 25 d 0 26 x
2 0 26 d 1 26 x
2 1 26 d 2 26 x
2 2 26 d 3 26 x
2 3 26 d 4 26 x
2 4 26 d 5 26 x
2 5 26 d 6 26 x
2 6 26 d 7 26 x
2 7 26 d 8 26 x
2 8 26 d 9 26 x
2 9 26 d 10 26 x
2 10 26 d 11 26 x
2 11 26 d 12 26 x
2 12 26 d 13 26 x
2 13 26 d 14 26 x
2 14 26 d 15 26 x
2 15 26 d 16 26 x
2 16 26 d 17 26 x
2 17 26 d 18 26 x
2 18 26 d 19 26 x
2 19 26 d 20 26 x
2 20 26 d 21 26 x
2 21 26 d 22 26 x
2 22 26 d 23 26 x
2 23 26 d 24 26 x
2 24 26 d 25 26 x
2 25 26 d 26 26 x
2 26 26 d 27 26 x
2 27 26 d 28 26 x
2 28 26 d 29 26 x
2 29 26 d 0 27 x
2 0 27 d 1 27 x
2 1 27 d 2 27 x
2 2 27 d 3 27 x
2 3 27 d 4 27 x
2 4 27 d 5 27 x
2 5 27 d 6 27 x
2 6 27 d 7 27 x
2 7 27 d 8 27 x
2 8 27 d 9 27 x
2 9 27 d 10 27 x
2 10 27 d 11 27 x
2 11 27 d 12 27 x
2 12 27 d 13 27 x
2 13 27 d 14 27 x
2 14 27 d 15 27 x
2 15 27 d 16 27 x
2 16 27 d 17 27 x
2 17 27 d 18 27 x
2 18 27 d 19 27 x
2 19 27 d 20 27 x
2 20 27 d 21 27 x
2 21 27 d 22 27 x
2 22 27 d 23 27 x
2 23 27 d 24 27 x
2 24 27 d 25 27 x
2 25 27 d 26 27 x
2 26 27 d 27 27 x
2 27 27 d 28 27 x
2 28 27 d 29 27 x
2 29 27 d 0 28 x
2 0 28 d 1 28 x
2 1 28 d 2 28 x
2 2 28 d 3 28 x
2 3 28 d 4 28 x
2 4 28 d 5 28 x
2 5 28 d 6 28 x
2 6 28 d 7 28 x
2 7 28 d 8 28 x
2 8 28 d 9 28 x
2 9 28 d 10 28 x
2 10 28 d 11 28 x
2 11 28 d 12 28 x
2 12 28 d 13 28 x
2 13 28 d 14 28 x
2 14 28 d 15 28 x
2 15 28 d 16 28 x
2 16 28 d 17 28 x
2 17 28 d 18 28 x
2 18 28 d 19 28 x
2 19 28 d 20 28 x
2 20 28 d 21 28 x
2 21 28 d 22 28 x
2 22 28 d 23 28 x
2 23 28 d 24 28 x
2 24 28 d 25 28 x
2 25 28 d 26 28 x
2 26 28 d 27 28 x
2 27 28 d 28 28 x
2 28 28 d 29 28 x
2 29 28 d 0 29 x
2 0 29 d 1 29 x
2 1 29 d 2 29 x
2 2 29 d 3 29 x
2 3 29 d 4 29 x
2 4 29 d 5 29 x
2 5 29 d 6 29 x
2 6 29 d 7 29 x
2 7 29 d 8 29 x
2 8 29 d 9 29 x
2 9 29 d 10 29 x
2 10 29 d 11 29 x
2 11 29 d 12 29 x
2 12 29 d 13 29 x
2 13 29 d 14 29 x
2 14 29 d 15 29 x
2 15 29 d 16 29 x
2 16 29 d 17 29 x
2 17 29 d 18 29 x
2 18 29 d 19 29 x
2 19 29 d 20 29 x
2 20 29 d 21 29 x
2 21 29 d 22 29 x
2 22 29 d 23 29 x
2 23 29 d 24 29 x
2 24 29 d 25 29 x
2 25 29 d 26 29 x
2 26 29 d 27 29 x
2 27 29 d 28 29 x
2 28 29 d 29 29 x